
>> ejercicio3
>> X

X =

    6.7348
   -0.0030
   -3.3927
    4.1192

>> L

L =

    1.0000         0         0         0
   -0.8889    1.0000         0         0
    0.5556    0.7213    1.0000         0
   -0.6667    0.6393    0.0314    1.0000

>> U

U =

    9.0000    2.0000    9.0000   -9.0000
         0    6.7778   15.0000  -11.0000
         0         0  -18.8197    5.9344
         0         0         0    5.8467

>> P

P =

     0     1     0     0
     1     0     0     0
     0     0     1     0
     0     0     0     1

>> X2

X2 =

    6.7348
   -0.0030
   -3.3927
    4.1192